5 20 34 11 1 2 0 2 22 12 28 4 2 2 1 18 12 14 20 8 20 1 0 1 8 7 4 11 33 24 20 0 1 0 8 3 2 3 11 61 24 3 4 5 1 15 14 15 19 9 43 26 4 1 1 2 2 3 21 6 8 22 2 1 2 1 3 7 40 23 9 4 30 15 14 9 3 4 1 20 6 21 5 1 2 2 6 4 33 29 40 24 7 3 1 2 2 1 27 2 
4 6 15 17 28 33 13 22 17 6 11 26 20 19 33 9 15 14 11 3 7 7 9 12 24 24 38 22 15 3 3 1 12 13 10 27 35 31 16 13 4 36 8 10 15 20 19 26 17 6 25 39 30 15 8 9 6 2 4 23 22 3 4 5 8 10 23 41 35 10 6 5 12 15 38 16 33 21 7 8 25 6 5 3 4 13 32 33 33 7 4 38 31 24 16 10 3 5 5 25 
5 6 6 13 20 20 7 2 2 12 13 1 0 4 10 14 10 12 14 15 3 15 13 16 14 13 7 7 0 5 4 8 15 20 7 10 8 5 8 8 4 10 3 5 11 15 8 14 17 6 36 31 8 1 2 1 1 1 0 12 12 1 1 1 2 1 2 29 29 15 3 5 21 23 21 7 6 2 2 3 10 3 2 1 2 1 18 23 26 7 43 26 6 2 1 0 1 1 2 11 
4 4 2 1 2 5 8 29 46 52 16 1 0 1 8 17 33 31 33 13 28 27 27 22 21 20 5 1 1 1 16 8 49 29 26 7 7 1 2 8 16 1 1 1 5 19 27 28 30 25 50 69 12 1 1 2 1 1 1 15 15 1 1 1 1 1 2 22 44 65 4 7 13 18 30 26 22 15 12 6 14 1 1 1 2 1 2 23 50 58 93 36 2 2 1 2 1 1 1 14 
14 1 8 4 6 17 41 44 47 13 41 5 30 31 22 11 9 13 14 19 1 1 1 5 11 21 83 28 34 10 28 40 17 68 20 12 3 2 3 2 2 4 4 58 40 26 12 24 16 9 8 112 27 6 1 0 1 0 1 39 40 0 1 0 1 1 9 48 70 25 44 62 47 14 11 12 3 1 0 1 37 1 1 6 3 1 1 9 45 91 91 27 27 1 2 3 1 2 31 10 
5 4 4 8 19 26 17 57 36 38 84 8 25 33 10 16 6 6 13 13 12 16 30 23 46 21 23 25 11 7 5 6 6 1 0 24 25 58 71 18 59 16 17 32 32 13 13 8 7 17 58 45 16 7 4 4 3 3 4 70 52 21 3 4 2 5 6 13 37 71 24 67 32 25 13 15 21 4 7 6 52 9 11 4 10 7 10 26 66 19 63 40 11 7 7 12 5 5 10 54 
3 2 3 14 3 8 8 28 63 57 41 23 67 12 6 7 14 8 4 7 27 21 34 28 16 14 9 5 3 32 16 9 14 21 54 41 16 11 4 3 7 22 19 20 30 22 16 7 19 27 5 21 8 26 47 22 18 19 1 22 23 9 30 24 52 10 13 11 13 4 10 7 18 45 19 34 45 7 2 2 17 44 19 18 37 3 6 18 24 3 2 24 6 48 85 6 4 2 5 7 
30 8 0 0 0 6 38 20 33 58 48 40 25 26 20 21 4 4 2 3 17 25 8 5 11 45 38 28 8 8 1 1 6 11 31 85 30 6 11 11 29 13 22 30 12 13 25 22 13 14 22 28 15 39 14 11 8 8 37 11 27 28 6 22 10 8 5 13 51 23 2 1 9 16 37 60 42 12 9 5 6 30 24 30 5 11 18 12 19 38 15 43 8 29 9 6 5 41 23 14 
7 32 21 3 1 1 1 2 16 32 27 21 2 4 11 10 10 9 10 12 14 1 1 0 0 27 7 2 6 58 11 7 6 7 9 6 4 2 6 58 23 16 13 2 6 12 6 11 9 18 42 21 3 3 2 4 4 1 20 16 35 1 2 3 4 3 3 9 29 27 68 9 15 6 3 0 1 1 1 12 9 7 5 18 2 4 4 4 18 45 43 20 3 5 4 2 21 2 3 13 
13 17 35 24 19 11 9 13 8 10 12 7 13 16 17 21 19 19 31 4 1 19 9 17 50 18 11 10 10 14 10 15 24 32 22 18 0 8 24 6 6 12 12 15 17 16 18 12 36 15 45 44 21 20 15 0 5 0 3 6 6 3 1 2 9 14 8 43 42 31 17 38 15 31 14 18 13 6 4 3 8 5 5 7 25 18 17 22 28 24 7 35 24 28 23 21 5 3 2 11 
6 17 20 24 13 4 17 46 37 19 2 31 8 8 8 15 23 15 83 10 14 24 30 6 21 37 23 14 11 23 37 29 3 2 41 17 23 24 16 11 34 1 13 18 11 18 7 32 52 17 29 67 45 21 2 2 2 3 6 26 2 13 17 6 3 18 18 90 22 14 19 41 11 39 19 24 15 14 14 7 1 8 14 8 29 41 19 63 10 10 16 68 25 25 14 17 36 0 1 1 
2 1 2 3 2 4 17 37 73 53 17 12 7 13 5 16 18 28 74 4 19 35 66 19 27 11 6 3 6 2 30 80 18 13 24 10 13 1 4 1 36 1 0 5 11 20 25 10 46 40 38 76 42 2 0 1 0 12 10 13 16 9 10 0 1 0 3 70 55 30 1 2 1 11 80 37 35 12 5 10 34 1 0 0 1 0 2 45 60 51 43 65 48 1 1 1 0 0 1 34 
4 1 1 2 1 2 2 2 22 68 21 1 1 7 0 20 26 13 4 12 34 28 25 2 2 1 2 2 5 4 23 18 16 25 4 5 5 8 0 1 63 10 2 2 3 17 2 1 2 3 11 5 21 10 9 3 15 13 4 14 2 2 4 5 28 23 6 30 2 3 6 11 5 11 8 9 8 12 4 31 4 30 5 29 2 3 2 3 9 18 14 14 3 2 3 2 32 23 9 3 
1 0 0 0 8 46 22 13 2 3 4 4 11 21 2 0 7 1 0 45 3 1 0 7 2 8 18 11 29 16 3 2 10 21 16 4 12 8 5 14 9 23 25 8 7 4 7 5 2 5 1 29 25 1 1 15 3 11 4 5 4 3 12 3 17 1 1 0 1 53 5 1 1 1 1 21 13 17 23 12 45 2 2 2 1 1 1 2 12 27 27 13 2 1 1 1 1 3 3 43 
2 1 1 4 5 1 12 21 2 8 3 5 25 8 9 4 0 1 0 2 1 2 1 3 1 1 2 18 21 7 16 3 5 5 7 2 3 2 4 10 7 27 12 3 2 0 1 2 0 3 3 0 0 0 0 0 0 0 33 21 34 10 7 3 0 0 0 0 0 3 3 2 1 4 6 9 8 11 7 6 3 2 1 2 7 13 2 2 4 21 6 16 3 21 4 1 0 2 2 2 
4 10 11 5 11 4 1 1 1 3 6 4 4 24 6 0 0 1 1 5 1 1 2 2 12 13 9 1 0 10 2 1 2 8 13 7 4 3 1 10 3 5 4 6 0 1 2 16 7 7 1 1 2 5 2 3 1 7 11 18 21 0 7 6 3 3 1 2 5 3 4 0 6 12 12 1 2 5 3 6 2 5 9 1 1 1 3 2 4 23 17 8 1 2 3 2 3 8 3 4 
6 10 4 5 20 27 19 4 16 14 14 4 3 23 19 22 8 10 13 9 6 12 15 14 35 8 10 7 13 5 9 2 5 7 1 3 18 53 23 4 18 28 23 33 11 4 3 2 2 1 10 15 19 13 17 18 18 4 7 4 10 19 17 18 12 12 9 15 12 1 7 12 7 16 14 29 17 14 3 6 26 12 1 3 2 3 3 20 18 37 30 36 10 2 2 4 2 0 3 36 
12 3 2 1 1 2 22 12 12 49 28 2 7 36 22 1 2 3 2 13 39 20 20 16 2 1 2 2 2 12 31 4 5 28 14 11 7 4 7 5 25 41 4 20 9 6 3 2 4 2 5 29 6 6 4 9 8 13 22 14 13 2 1 2 35 2 10 23 20 8 2 4 1 3 3 14 49 12 8 20 61 4 1 2 3 3 10 3 3 26 25 4 3 11 2 2 2 2 4 61 
41 9 8 3 1 1 3 10 13 27 23 18 9 6 16 23 14 4 1 2 3 5 16 26 20 20 14 10 0 2 6 20 5 2 0 4 4 15 54 6 9 2 6 23 39 15 4 2 11 5 4 2 4 7 18 14 9 33 18 7 4 1 1 18 31 22 23 12 1 3 4 5 8 19 14 31 8 13 5 9 17 26 22 4 3 3 4 13 14 10 13 24 5 2 4 11 28 12 8 9 
1 1 1 1 1 6 9 37 45 23 11 4 6 33 18 4 29 5 6 9 12 15 8 14 8 13 33 1 13 8 9 18 8 15 32 17 2 6 10 8 7 11 14 11 23 23 25 4 3 4 1 9 19 24 7 6 3 5 20 31 44 10 3 2 1 12 22 28 2 1 9 6 15 2 11 2 5 20 38 17 19 3 3 37 34 8 13 3 2 3 4 2 3 13 15 52 12 3 2 19 
5 18 51 17 12 5 3 2 3 6 1 0 8 2 5 34 25 12 27 8 41 33 4 5 5 6 7 5 7 9 9 1 1 4 6 55 14 14 6 12 33 31 3 8 16 12 11 1 2 5 17 18 12 11 12 11 2 1 3 35 34 3 1 12 13 12 10 6 9 22 15 12 22 32 16 12 6 1 2 4 10 32 14 7 7 3 6 9 18 16 16 4 16 13 6 4 9 15 8 31 
16 8 12 27 8 7 3 2 11 7 24 14 19 5 7 7 12 5 3 5 6 9 21 15 23 4 3 1 5 14 2 2 1 3 16 25 24 9 2 17 10 22 20 11 2 3 17 4 7 5 22 10 19 18 8 9 4 2 2 7 7 1 3 13 3 11 19 13 8 23 37 24 17 9 2 2 1 1 3 5 45 5 5 3 2 2 3 3 7 26 16 16 4 3 2 2 3 4 16 35 
4 3 2 4 6 5 22 15 29 30 3 1 1 2 4 1 0 61 12 35 55 35 0 2 0 1 1 2 15 9 17 30 37 12 0 2 0 3 11 8 32 32 40 3 2 1 2 1 3 4 5 1 3 3 0 3 9 12 12 72 18 70 3 1 1 2 11 8 1 5 20 3 10 16 2 4 2 6 28 29 2 15 15 24 44 1 3 2 8 6 6 4 3 3 8 37 18 32 8 1 
22 27 8 9 26 32 28 2 3 2 7 8 64 29 13 2 3 4 5 24 20 4 6 15 9 27 38 5 6 29 20 7 10 50 13 8 14 20 4 13 21 106 15 4 1 3 0 2 2 5 24 0 1 0 2 8 4 53 48 19 23 65 33 3 7 2 1 1 0 24 2 1 5 3 2 16 40 53 26 11 37 67 17 3 5 3 3 12 5 7 6 6 11 3 3 6 4 19 83 18 
1 1 5 8 30 62 81 7 2 4 9 6 10 9 9 58 16 50 32 2 8 9 71 28 12 6 24 30 7 6 7 34 33 56 33 2 9 9 12 6 38 37 19 10 59 15 11 5 2 5 8 12 41 30 54 28 3 4 11 10 5 2 11 58 10 7 22 64 16 6 10 21 12 6 8 24 52 14 52 2 13 15 61 8 24 37 27 9 4 3 2 5 7 70 33 44 17 13 5 5 
5 7 5 4 6 23 19 40 21 60 1 70 42 7 13 9 1 6 26 15 19 1 13 22 26 81 11 5 7 5 11 16 51 36 70 0 0 0 1 5 41 65 14 3 2 4 14 32 14 1 37 1 1 15 10 8 10 31 18 59 16 87 21 9 4 4 3 9 0 37 53 89 19 16 5 5 1 1 0 1 6 98 46 25 5 0 1 1 3 5 5 3 4 20 27 20 51 56 0 4 
5 14 20 16 1 7 4 5 12 46 1 2 3 12 9 11 30 3 39 20 22 27 1 4 5 4 8 15 5 39 3 5 1 4 33 10 11 24 30 9 16 17 29 5 3 7 18 19 9 7 6 2 6 7 2 7 7 6 51 36 55 37 1 3 5 6 5 4 7 7 4 3 7 39 17 18 17 15 5 5 42 41 12 7 14 8 0 1 1 4 4 0 4 4 8 24 26 41 16 3 
8 9 3 12 15 26 15 36 46 2 13 16 41 27 35 27 8 3 1 1 4 9 23 26 40 16 16 14 22 2 28 30 18 10 7 5 5 21 44 4 3 9 9 38 50 23 19 20 0 1 5 2 5 9 36 14 17 44 21 19 4 49 62 9 11 14 10 7 1 5 50 39 7 4 4 1 4 3 34 26 21 26 15 20 25 23 10 15 7 10 38 36 12 9 8 15 6 3 16 29 
1 1 0 3 3 20 28 38 11 39 4 1 6 17 22 29 19 26 10 10 14 8 3 12 11 62 18 4 8 4 10 10 14 13 13 15 18 10 37 4 28 21 22 26 13 13 9 4 1 7 5 18 21 17 19 9 13 9 16 17 4 6 20 10 25 15 20 13 15 16 3 26 29 20 12 18 11 4 8 13 24 6 20 10 5 1 7 24 23 24 21 42 8 1 0 5 28 15 1 23 
1 3 8 9 7 9 14 37 56 34 6 13 50 43 26 10 14 9 5 2 2 6 11 8 4 26 80 24 15 2 8 4 9 17 41 48 30 13 6 2 23 29 16 33 17 13 13 18 7 9 7 6 5 15 42 39 25 38 0 1 39 39 21 29 23 12 4 5 1 5 27 59 11 41 21 8 6 2 2 1 34 23 15 8 10 18 40 14 11 5 5 43 19 4 4 17 18 18 16 34 
22 13 18 17 25 15 2 15 42 10 22 38 3 15 23 31 27 7 12 1 18 14 22 10 22 5 23 23 23 19 2 8 12 18 34 47 27 9 4 18 8 1 4 13 19 31 42 20 29 12 18 29 11 28 19 9 4 3 13 45 34 13 12 15 2 14 14 37 26 12 95 18 5 3 12 11 10 5 6 14 6 29 14 6 20 33 13 27 17 14 8 23 18 25 24 29 28 19 2 3 
7 28 22 12 7 4 16 24 55 31 18 25 50 20 22 20 15 21 5 10 6 12 15 24 39 23 17 44 21 5 5 10 21 14 19 19 25 66 15 12 9 12 44 59 46 10 12 7 5 2 22 16 40 33 12 17 11 46 5 4 9 49 20 36 45 25 14 6 1 1 65 34 3 5 15 6 14 16 30 18 41 41 24 30 15 8 7 23 14 3 20 11 17 30 36 13 11 15 33 20 
3 3 8 15 5 9 35 46 52 9 16 19 80 27 12 5 1 0 2 23 7 20 31 50 23 13 27 6 4 4 4 1 3 36 27 22 67 9 11 5 7 38 36 19 49 7 11 7 9 2 8 1 11 13 24 26 8 58 24 12 16 70 15 18 15 16 4 17 11 3 13 55 18 16 56 20 5 0 0 2 31 63 31 12 15 6 17 2 3 5 2 5 22 8 52 19 16 16 22 23 
3 7 5 9 23 25 22 66 4 25 17 39 24 60 9 12 11 6 2 9 12 15 10 10 9 10 35 74 8 6 5 5 9 20 17 12 26 60 32 3 22 38 48 49 7 3 10 7 4 1 2 8 21 27 22 17 13 3 36 40 12 20 20 78 31 19 7 0 1 1 46 63 31 10 4 9 8 8 7 3 4 7 35 49 21 14 14 12 19 14 8 6 10 21 12 20 18 55 27 12 
4 4 27 33 28 12 21 48 3 4 2 2 2 8 2 18 86 32 14 18 4 2 7 43 72 38 8 3 6 1 9 16 61 11 3 3 40 27 9 5 4 7 13 55 25 23 12 10 27 8 9 43 51 10 5 11 9 40 4 2 31 6 3 4 5 20 10 30 54 21 11 23 22 47 7 7 18 14 22 13 5 22 73 23 7 8 15 15 10 6 44 11 19 24 36 16 16 13 4 1 
12 16 13 9 17 17 20 62 13 3 21 37 26 19 18 17 20 14 8 2 19 22 21 21 18 65 7 4 3 2 8 3 18 13 17 24 23 32 43 1 4 21 81 38 8 18 5 3 3 1 2 11 14 27 16 31 25 50 4 2 75 10 14 14 21 28 11 6 1 2 44 53 50 22 5 3 3 0 1 1 32 23 79 23 13 5 5 0 0 2 3 7 9 9 19 21 23 13 22 56 
1 2 17 40 27 4 30 74 28 34 2 0 5 12 42 73 54 46 19 4 3 4 2 2 5 2 10 67 115 47 3 2 0 3 4 29 29 88 81 18 10 3 15 16 34 53 51 41 20 14 12 6 1 2 7 34 39 44 88 24 15 80 60 51 25 5 0 3 5 13 6 11 44 60 55 41 22 8 7 3 27 63 42 32 28 37 9 5 9 5 8 4 3 16 26 24 23 35 76 42 
11 15 24 38 48 52 44 34 7 8 27 23 26 42 49 38 28 32 13 3 23 76 72 31 13 33 2 20 9 2 8 15 10 38 77 63 52 15 1 2 9 15 62 83 65 22 12 7 3 3 12 21 22 16 20 54 51 11 60 14 20 28 24 47 27 44 53 33 3 2 19 64 49 49 27 14 27 20 8 4 27 41 62 41 20 28 22 16 13 11 10 8 20 28 23 25 39 45 63 20 
9 0 0 0 1 24 107 54 27 18 11 19 15 12 18 35 42 52 25 11 2 1 7 17 51 37 58 47 8 12 8 15 29 20 31 16 39 55 14 13 6 20 6 21 30 37 32 15 41 32 13 10 23 30 38 26 42 32 18 8 12 54 36 69 34 15 7 2 7 4 16 33 49 14 11 32 26 29 19 11 25 37 50 58 29 22 3 4 3 9 8 9 0 1 22 21 40 85 43 11 
14 20 49 60 75 33 27 36 27 18 5 12 12 36 151 89 30 19 2 3 6 3 2 9 18 90 134 61 32 4 2 8 23 47 113 61 37 16 25 27 26 19 12 43 20 45 86 62 39 7 1 16 13 45 59 52 49 71 49 4 9 27 83 95 44 33 40 24 1 3 82 18 6 33 41 100 59 9 10 1 25 65 44 79 29 37 22 27 7 24 6 65 70 35 30 23 37 40 44 9 
2 9 13 68 44 59 39 19 10 10 12 23 41 80 44 23 19 9 9 13 16 35 13 4 18 67 45 29 16 30 9 23 19 38 26 49 37 47 17 8 9 10 32 47 78 51 31 5 2 8 13 4 4 14 38 30 24 63 66 17 15 51 44 36 33 29 11 24 15 15 36 57 50 29 41 26 21 9 0 4 4 22 62 48 20 23 33 26 26 9 6 11 27 33 22 38 25 56 40 15 
9 3 45 62 44 42 28 37 9 2 12 47 58 58 46 39 9 5 2 5 41 36 45 11 62 29 11 32 9 5 13 0 0 14 77 93 27 15 28 14 7 24 34 42 76 60 25 9 1 3 25 42 6 9 16 65 46 34 25 13 27 81 49 19 14 15 26 16 6 28 8 23 44 51 71 60 12 3 3 6 20 76 34 46 30 38 27 5 2 3 4 14 13 22 46 83 57 36 3 3 
5 5 11 7 23 45 66 35 28 7 20 22 31 49 37 30 16 15 8 4 2 2 10 35 45 31 27 43 25 12 11 22 15 12 15 66 53 19 11 8 5 17 15 41 32 11 56 22 18 15 7 77 47 25 11 1 16 8 1 39 35 4 1 6 11 12 11 29 80 43 18 20 30 65 70 18 4 2 4 1 35 5 12 21 51 16 5 53 27 7 6 74 7 2 15 48 32 9 5 34 
7 16 40 52 17 35 2 15 29 51 6 34 21 85 44 33 26 9 2 4 30 57 68 36 9 5 1 17 28 13 12 79 52 66 19 12 12 6 5 1 7 18 35 42 72 35 37 10 3 5 40 39 53 56 39 16 2 3 10 6 7 11 2 9 21 70 41 63 34 6 20 25 21 35 30 40 48 34 5 6 10 42 43 36 45 43 12 14 14 5 3 22 34 42 27 33 65 18 12 8 
3 5 7 11 59 96 22 31 27 51 2 2 4 50 54 62 64 40 21 13 8 9 3 2 10 27 48 123 51 31 14 16 7 21 16 24 79 101 30 4 7 25 56 38 46 80 33 16 7 4 5 2 4 15 15 12 40 123 94 2 39 110 94 28 19 9 1 9 2 1 16 36 48 45 67 38 21 30 9 2 3 8 46 86 43 45 29 22 17 13 11 23 16 23 16 42 70 60 39 12 
31 16 7 29 38 48 33 49 26 9 7 24 72 90 57 24 3 5 2 2 7 17 11 2 1 70 99 62 11 6 38 43 19 22 44 45 62 2 5 6 20 56 54 33 36 30 36 15 4 2 7 7 5 17 45 65 46 64 17 13 19 24 40 50 50 43 29 21 5 5 26 25 41 56 59 38 18 12 6 5 4 17 48 53 64 18 34 33 9 6 2 10 16 20 30 47 47 70 34 10 
3 10 109 0 0 0 0 0 0 3 98 24 0 0 0 0 0 0 0 3 1 0 5 16 13 22 27 21 14 6 1 2 5 7 8 21 25 27 9 20 17 95 10 0 0 0 0 0 0 3 3 2 0 4 1 8 1 46 51 9 11 58 24 16 5 5 0 3 1 2 9 9 14 13 18 14 25 12 1 10 8 4 28 15 25 32 10 2 0 1 3 0 0 1 0 19 36 24 33 9 
14 8 13 1 3 5 5 3 2 7 8 6 5 6 3 2 18 8 1 4 2 3 1 1 0 0 2 15 34 3 2 2 3 2 4 0 6 11 27 4 4 3 4 5 4 3 11 8 10 9 10 4 10 26 4 1 0 0 2 4 2 1 1 1 4 8 12 22 3 7 33 5 4 9 4 4 0 0 1 1 19 17 5 3 4 4 4 3 1 1 1 6 4 12 8 2 8 3 5 12 
6 3 2 4 5 5 28 9 26 10 2 0 0 5 7 15 19 12 8 30 7 2 3 5 29 5 3 3 21 20 6 4 3 33 0 4 4 2 27 15 25 0 0 0 1 2 13 29 11 17 1 2 4 31 1 10 17 1 8 23 6 5 13 35 8 12 10 1 3 5 40 2 1 7 3 1 4 33 4 3 2 1 5 2 30 21 24 3 2 8 7 12 2 13 10 23 6 0 0 25 
3 4 4 6 11 8 41 22 5 6 3 1 1 10 26 11 16 18 9 15 10 31 7 6 1 2 6 3 35 9 2 2 17 28 5 5 3 3 9 36 8 13 15 15 1 8 30 14 2 4 8 4 2 10 22 12 24 25 1 2 20 9 3 15 33 24 5 0 0 1 30 11 5 6 5 7 13 10 19 4 2 1 0 19 27 35 4 4 8 10 17 12 5 18 3 3 5 3 2 42 
9 18 29 31 18 11 10 7 8 7 4 12 9 18 26 21 7 6 24 21 4 3 4 31 0 0 5 3 74 24 2 3 1 1 34 5 5 7 46 44 1 1 10 50 25 18 28 8 4 3 14 26 3 8 8 12 7 38 26 6 1 3 0 10 20 12 52 30 12 8 60 22 8 13 1 1 11 24 2 6 5 8 18 15 30 37 8 24 0 3 7 1 20 9 9 12 8 12 3 67 
3 1 2 2 4 26 49 34 23 1 5 3 2 1 13 75 27 7 6 6 6 2 2 2 2 1 2 13 95 20 5 3 2 2 4 13 85 16 9 6 6 2 3 2 10 10 83 13 7 9 6 8 2 2 1 3 17 22 42 42 12 4 18 62 16 14 9 1 3 6 8 10 11 8 51 23 11 18 1 4 9 4 47 46 16 11 5 4 1 2 4 2 3 3 5 15 8 5 14 86 
7 6 9 7 31 23 16 6 5 2 4 1 1 1 2 2 20 43 28 10 9 1 0 2 0 1 3 12 36 48 8 2 0 6 9 29 8 9 28 13 2 8 13 14 16 16 20 9 4 10 9 23 29 5 4 1 9 20 11 1 3 2 1 0 1 28 21 33 17 6 8 34 8 17 8 12 7 10 5 3 3 8 33 7 26 16 11 2 1 5 10 34 14 12 13 14 5 5 3 2 
2 2 12 5 40 29 22 18 6 9 32 24 35 25 11 12 5 0 0 1 2 0 1 1 4 6 10 17 67 37 4 3 4 3 2 2 5 29 83 10 4 3 9 16 11 23 16 14 33 16 1 1 4 3 3 5 26 15 47 40 6 8 14 14 15 32 11 22 14 9 24 17 20 11 16 24 14 11 5 3 22 27 55 22 14 0 2 0 1 2 8 9 8 30 8 10 13 42 12 5 
7 3 22 1 6 18 7 16 16 9 4 7 4 4 14 29 19 12 5 7 7 3 9 35 7 19 4 5 8 8 6 2 2 5 27 6 17 16 11 13 7 12 11 47 11 3 1 2 5 6 6 2 4 4 3 21 25 14 16 10 6 34 13 12 12 3 6 6 4 9 5 8 9 11 11 13 30 9 5 4 1 2 5 30 22 16 6 4 13 6 8 4 4 5 18 6 2 3 18 37 
11 9 36 16 13 3 9 43 38 4 6 12 32 40 16 25 9 11 6 25 8 7 3 3 7 7 17 37 50 43 1 3 6 4 14 22 27 10 68 27 12 11 30 47 33 8 26 6 4 5 39 7 28 40 10 10 10 17 15 6 8 41 27 27 20 9 10 1 27 12 4 4 10 14 26 45 59 11 7 2 1 11 41 29 15 22 29 31 2 1 9 12 28 19 7 23 16 52 1 15 
13 6 38 3 2 1 5 14 8 18 9 10 11 46 14 4 3 5 4 2 13 10 22 1 6 38 0 4 6 8 5 40 1 14 7 15 14 3 4 5 4 4 18 18 10 4 6 28 15 1 6 2 3 22 17 1 1 2 38 16 20 4 20 15 11 16 12 3 3 4 10 10 18 11 8 5 1 2 2 41 13 15 33 25 8 6 2 2 3 1 6 2 3 2 36 2 1 11 24 21 
16 28 14 0 1 0 4 5 44 13 2 1 1 0 0 52 23 18 19 9 8 2 3 4 46 6 21 18 12 5 2 1 1 4 6 28 25 24 19 15 6 20 21 16 22 10 12 10 5 3 1 1 6 17 11 3 21 17 16 32 19 1 0 13 26 29 17 11 3 6 10 5 16 24 10 7 8 32 11 2 8 17 5 7 9 28 18 18 9 6 4 6 12 10 15 7 5 23 42 1 
8 2 3 2 3 30 0 19 26 16 6 4 21 17 9 12 5 1 32 2 2 4 4 35 4 6 5 5 27 17 3 8 37 1 1 1 7 3 36 12 6 8 2 24 25 3 8 3 5 25 8 35 2 3 2 11 6 11 15 16 2 4 7 4 7 7 55 10 4 9 21 17 12 1 5 15 27 4 2 5 11 3 2 19 35 23 2 3 8 3 6 7 36 1 2 1 2 2 23 29 
5 6 37 29 11 5 2 6 24 18 13 14 19 15 14 12 3 0 2 51 6 4 9 9 57 3 13 6 4 32 4 2 4 12 12 27 41 3 4 34 2 8 24 18 37 26 18 4 1 5 12 5 16 12 13 16 10 20 2 37 1 22 26 15 17 25 23 9 4 1 19 19 20 27 20 13 17 3 1 4 7 8 22 40 36 20 0 2 0 8 13 7 34 17 13 25 18 9 3 4 
2 0 3 45 22 12 13 6 46 7 49 20 50 13 5 2 5 4 3 5 1 6 15 39 19 11 13 5 12 35 3 7 33 15 11 18 21 42 3 3 53 30 25 13 13 2 2 5 8 5 7 5 3 2 12 16 44 51 14 2 19 46 4 17 40 9 11 3 2 5 2 0 0 0 6 81 16 17 17 17 53 6 7 6 6 12 17 18 15 16 10 17 31 26 9 3 7 3 5 45 
11 9 15 18 5 0 5 9 4 23 4 5 1 30 16 10 8 11 9 5 7 3 15 8 10 7 8 8 11 22 8 6 3 7 17 20 5 2 2 29 10 10 23 9 10 11 13 3 3 7 3 1 0 2 14 24 11 5 7 32 22 49 22 2 0 0 0 1 0 3 4 33 14 6 2 13 13 5 4 5 1 1 6 17 20 10 33 6 4 1 6 4 4 5 26 12 12 3 2 25 
5 2 45 6 4 1 5 2 8 30 3 3 2 6 17 37 28 2 3 7 2 1 2 47 6 2 3 1 19 25 5 3 5 39 8 1 1 18 13 15 7 9 8 16 6 10 2 3 2 45 6 21 31 9 1 1 4 18 9 8 2 1 5 7 9 9 10 33 23 9 4 16 10 19 36 8 3 4 4 4 6 1 7 15 31 18 15 7 3 5 15 48 2 2 1 1 3 3 13 20 
16 35 5 1 2 2 1 7 8 20 8 4 3 18 38 9 5 6 3 3 3 0 2 2 1 34 10 11 6 28 1 4 2 2 1 8 39 1 10 29 8 16 26 8 2 3 4 4 13 13 6 37 19 1 2 1 1 2 7 21 4 10 16 40 8 5 7 3 1 3 2 1 4 2 2 13 29 24 15 5 2 18 15 15 1 2 2 5 17 20 4 8 7 35 16 2 1 3 2 19 
13 16 27 14 11 6 5 1 2 21 5 3 4 11 23 34 19 8 2 7 2 3 5 9 10 5 12 49 19 2 8 7 7 8 5 3 18 15 21 24 12 5 1 1 4 11 29 30 8 15 22 8 4 9 8 4 10 21 18 12 2 2 1 9 7 28 39 17 6 5 12 9 9 50 10 3 8 9 5 1 5 6 6 10 7 17 6 29 18 12 10 7 12 9 8 23 13 20 7 7 
23 34 17 2 7 2 2 2 27 64 5 6 59 40 22 16 13 9 5 5 5 4 3 8 8 6 25 63 43 15 2 8 2 7 8 16 7 61 39 30 2 6 30 103 20 3 2 2 4 8 3 3 4 3 6 6 6 37 73 39 8 1 3 7 34 25 63 30 4 5 5 6 6 27 16 32 23 26 8 31 11 14 9 51 81 0 1 0 6 7 8 4 1 1 4 23 81 32 13 13 
5 3 17 14 41 16 6 16 33 21 26 7 45 62 16 3 5 3 2 3 4 1 7 9 45 21 34 41 5 5 3 7 16 14 34 38 37 16 3 4 16 5 38 22 22 23 8 1 10 27 9 34 11 17 21 34 4 15 21 6 28 24 27 9 4 31 16 9 9 15 20 25 5 15 49 40 11 6 0 1 3 56 18 15 25 17 12 5 4 17 5 14 15 16 24 14 32 35 13 4 
11 17 29 18 3 4 3 54 23 14 4 3 12 11 14 23 44 32 26 7 2 2 0 1 16 23 57 27 38 10 2 0 1 39 46 26 42 14 2 4 16 8 15 31 48 36 2 9 6 5 54 27 0 0 1 2 7 31 27 27 34 24 12 10 12 2 1 0 41 40 7 8 5 9 15 41 38 33 13 7 12 46 7 29 3 0 4 21 19 35 35 16 28 0 3 5 10 25 38 16 
3 16 24 12 3 13 20 4 7 32 4 8 3 42 41 14 12 2 3 5 6 11 11 18 15 8 12 8 10 35 3 2 6 8 7 14 16 19 25 34 45 23 14 4 1 1 17 22 4 3 8 8 5 6 7 14 36 31 12 7 5 6 7 34 36 14 9 7 9 7 33 22 5 9 9 8 15 18 11 4 5 6 33 32 10 14 9 12 7 6 8 3 8 4 16 29 11 7 37 11 
17 20 14 11 2 6 7 9 6 48 9 4 6 14 26 19 10 42 5 5 1 7 4 14 18 23 10 39 17 7 9 3 21 28 3 6 12 23 27 8 15 8 15 5 12 11 41 28 3 2 2 1 2 5 4 11 21 15 71 8 1 1 15 3 15 22 31 30 13 9 16 25 7 6 6 1 21 17 14 27 5 5 13 8 26 33 22 12 10 6 3 2 4 4 8 17 38 59 4 1 
7 4 8 27 18 20 12 13 12 9 26 5 32 4 3 20 15 10 9 6 11 20 11 8 2 1 16 21 12 28 11 11 28 1 1 1 1 36 28 12 52 13 18 23 12 2 3 1 1 5 17 3 16 16 3 1 2 9 31 32 6 0 3 12 31 21 28 20 4 5 43 20 13 5 1 7 8 14 10 9 4 10 14 50 14 8 9 4 2 15 16 3 30 2 2 2 9 13 13 40 
14 12 4 11 41 8 20 30 6 3 9 5 25 18 6 1 1 13 54 17 17 25 8 10 4 3 12 22 31 17 2 13 25 21 0 1 6 29 46 6 2 8 10 47 9 1 2 6 32 32 6 43 21 1 6 10 8 8 20 26 15 27 27 38 17 13 2 1 5 4 29 19 13 11 9 5 37 12 7 7 3 4 4 14 42 26 33 21 0 2 22 45 4 1 3 4 9 50 9 2 
